#' @export
data_criminal <- c(rep(0,4037), rep(1,219), rep(2,29), rep(3,9), rep(4,5),rep(5,2))